local Models = {

NuclearBomb = {{["Item"] = "Slabs", ["Amount"] = 12, ["Whole"] = false, {CFrame.new(-1.64437866, 5.09507561, 2.81140137, 0.866025388, -0.49999994, 0, 0, 0, -0.99999994, 0.5, 0.866025329, 0), ["CID"] = 45}, {CFrame.new(-2.82739258, 5.09501457, 1.62835693, 0.5, -0.866025329, 0, 0, 0, -0.99999994, 0.866025329, 0.499999881, 0), ["CID"] = 45}, {CFrame.new(-3.26043701, 5.09501457, 0.0123901367, 5.96046448e-08, -1, 0, 0, 0, -0.99999994, 0.999999881, -5.96046448e-08, 0), ["CID"] = 45}, {CFrame.new(-2.82739258, 5.09507561, -1.6036377, -0.499999911, -0.866025388, 0, 0, 0, -0.99999994, 0.866025269, -0.5, 0), ["CID"] = 45}, {CFrame.new(-1.64440918, 5.09507561, -2.78668213, -0.866025269, -0.5, 0, 0, 0, -0.99999994, 0.499999821, -0.866025329, 0), ["CID"] = 45}, {CFrame.new(-0.0284118652, 5.09507561, -3.21966553, -0.999999881, -5.96046448e-08, 0, 0, 0, -0.99999994, -1.49011612e-07, -0.999999881, 0), ["CID"] = 45}, {CFrame.new(1.587677, 5.09507561, -2.78668213, -0.866025388, 0.499999911, 0, 0, 0, -0.99999994, -0.500000119, -0.866025269, 0), ["CID"] = 45}, {CFrame.new(2.77062988, 5.09507561, -1.6036377, -0.5, 0.866025209, 0, 0, 0, -0.99999994, -0.866025388, -0.499999762, 0), ["CID"] = 45}, {CFrame.new(3.20367432, 5.09507561, 0.0123901367, -5.96046448e-08, 0.999999881, 0, 0, 0, -0.99999994, -0.999999881, 2.08616257e-07, 0), ["CID"] = 45}, {CFrame.new(2.77069092, 5.09507561, 1.62841797, 0.499999911, 0.866025269, 0, 0, 0, -0.99999994, -0.866025269, 0.500000119, 0), ["CID"] = 45}, {CFrame.new(1.58764648, 5.09501457, 2.8114624, 0.866025209, 0.5, 0, 0, 0, -0.99999994, -0.499999762, 0.866025448, 0), ["CID"] = 45}, {CFrame.new(-0.0283508301, 5.09501457, 3.24438477, 0.999999881, 5.96046448e-08, 0, 0, 0, -0.99999994, 2.08616257e-07, 0.999999881, 0), ["CID"] = 45}, {CFrame.new(-1.06008911, 1.88438129, 1.79937744, 0.866025388, -0.383022159, 0.321393758, 0, -0.642787516, -0.766044378, 0.5, 0.663413882, -0.556670308), ["CID"] = 45}, {CFrame.new(-1.81536865, 1.88432026, 1.04406738, 0.5, -0.663413882, 0.556670308, 0, -0.642787516, -0.766044378, 0.866025329, 0.38302213, -0.321393698), ["CID"] = 45}, {CFrame.new(-2.09182739, 1.88432026, 0.0123901367, 5.96046448e-08, -0.766044438, 0.642787576, 0, -0.642787516, -0.766044378, 0.999999881, -4.56598066e-08, 3.83131251e-08), ["CID"] = 45}, {CFrame.new(-1.81536865, 1.88438129, -1.01934814, -0.499999911, -0.663413942, 0.556670368, 0, -0.642787516, -0.766044378, 0.866025269, -0.383022219, 0.321393788), ["CID"] = 45}, {CFrame.new(-1.06011963, 1.88438129, -1.7746582, -0.866025269, -0.383022219, 0.321393788, 0, -0.642787516, -0.766044378, 0.499999821, -0.663413882, 0.556670308), ["CID"] = 45}, {CFrame.new(-0.0284118652, 1.88438129, -2.05108643, -0.999999881, -4.56598066e-08, 3.83131251e-08, 0, -0.642787516, -0.766044378, -1.49011612e-07, -0.766044319, 0.642787516), ["CID"] = 45}, {CFrame.new(1.00338745, 1.88438129, -1.7746582, -0.866025388, 0.383022159, -0.321393728, 0, -0.642787516, -0.766044378, -0.500000119, -0.663413823, 0.556670308), ["CID"] = 45}, {CFrame.new(1.75860596, 1.88438129, -1.01934814, -0.5, 0.663413823, -0.556670249, 0, -0.642787516, -0.766044378, -0.866025388, -0.38302204, 0.321393639), ["CID"] = 45}, {CFrame.new(2.0350647, 1.88438129, 0.0123901367, -5.96046448e-08, 0.766044319, -0.642787516, 0, -0.642787516, -0.766044378, -0.999999881, 1.59809318e-07, -1.34095941e-07), ["CID"] = 45}, {CFrame.new(1.75866699, 1.88438129, 1.04412842, 0.499999911, 0.663413823, -0.556670308, 0, -0.642787516, -0.766044378, -0.866025269, 0.383022308, -0.321393877), ["CID"] = 45}, {CFrame.new(1.00335693, 1.88432026, 1.79943848, 0.866025209, 0.383022219, -0.321393788, 0, -0.642787516, -0.766044378, -0.499999762, 0.663414001, -0.556670427), ["CID"] = 45}, {CFrame.new(-0.0283508301, 1.88432026, 2.07580566, 0.999999881, 4.56598066e-08, -3.83131251e-08, 0, -0.642787516, -0.766044378, 2.08616257e-07, 0.766044319, -0.642787516), ["CID"] = 45}, {CFrame.new(-1.47451782, 8.97786617, 2.51721191, 0.866025388, -0.492403805, -0.0868240818, 0, 0.173648164, -0.98480767, 0.5, 0.852868438, 0.150383726), ["CID"] = 45}, {CFrame.new(-2.53320313, 8.97780514, 1.45849609, 0.5, -0.852868438, -0.150383726, 0, 0.173648164, -0.98480767, 0.866025329, 0.492403746, 0.0868240669), ["CID"] = 45}, {CFrame.new(-2.92074585, 8.97780514, 0.0123901367, 5.96046448e-08, -0.98480773, -0.173648179, 0, 0.173648164, -0.98480767, 0.999999881, -5.86991149e-08, -1.0350238e-08), ["CID"] = 45}, {CFrame.new(-2.53320313, 8.97786617, -1.43377686, -0.499999911, -0.852868497, -0.150383726, 0, 0.173648164, -0.98480767, 0.866025269, -0.492403865, -0.0868240893), ["CID"] = 45}, {CFrame.new(-1.47454834, 8.97786617, -2.49249268, -0.866025269, -0.492403865, -0.0868240893, 0, 0.173648164, -0.98480767, 0.499999821, -0.852868438, -0.150383726), ["CID"] = 45}, {CFrame.new(-0.0284118652, 8.97786617, -2.87994385, -0.999999881, -5.86991149e-08, -1.0350238e-08, 0, 0.173648164, -0.98480767, -1.49011612e-07, -0.984807611, -0.173648164), ["CID"] = 45}, {CFrame.new(1.41781616, 8.97786617, -2.49249268, -0.866025388, 0.492403775, 0.0868240744, 0, 0.173648164, -0.98480767, -0.500000119, -0.852868378, -0.150383711), ["CID"] = 45}, {CFrame.new(2.47644043, 8.97786617, -1.43377686, -0.5, 0.852868319, 0.150383696, 0, 0.173648164, -0.98480767, -0.866025388, -0.492403626, -0.0868240446), ["CID"] = 45}, {CFrame.new(2.86398315, 8.97786617, 0.0123901367, -5.96046448e-08, 0.984807611, 0.173648164, 0, 0.173648164, -0.98480767, -0.999999881, 2.05446895e-07, 3.62258348e-08), ["CID"] = 45}, {CFrame.new(2.47650146, 8.97786617, 1.45855713, 0.499999911, 0.852868378, 0.150383711, 0, 0.173648164, -0.98480767, -0.866025269, 0.492403984, 0.0868241116), ["CID"] = 45}, {CFrame.new(1.41778564, 8.97780514, 2.51727295, 0.866025209, 0.492403865, 0.0868240893, 0, 0.173648164, -0.98480767, -0.499999762, 0.852868557, 0.150383741), ["CID"] = 45}, {CFrame.new(-0.0283508301, 8.97780514, 2.90466309, 0.999999881, 5.86991149e-08, 1.0350238e-08, 0, 0.173648164, -0.98480767, 2.08616257e-07, 0.984807611, 0.173648164), ["CID"] = 45}, {CFrame.new(-0.970123291, 12.7426805, 1.64355469, 0.866025388, -0.469846219, -0.171010047, 0, 0.342020094, -0.939692497, 0.5, 0.813797534, 0.2961981), ["CID"] = 45}, {CFrame.new(-1.65957642, 12.7426195, 0.954101563, 0.5, -0.813797534, -0.2961981, 0, 0.342020094, -0.939692497, 0.866025329, 0.469846159, 0.171010017), ["CID"] = 45}, {CFrame.new(-1.91195679, 12.7426195, 0.0123901367, 5.96046448e-08, -0.939692557, -0.342020124, 0, 0.342020094, -0.939692497, 0.999999881, -5.6010041e-08, -2.0385988e-08), ["CID"] = 45}, {CFrame.new(-1.65957642, 12.7426805, -0.929382324, -0.499999911, -0.813797593, -0.29619813, 0, 0.342020094, -0.939692497, 0.866025269, -0.469846278, -0.171010062), ["CID"] = 45}, {CFrame.new(-0.970153809, 12.7426805, -1.61883545, -0.866025269, -0.469846278, -0.171010062, 0, 0.342020094, -0.939692497, 0.499999821, -0.813797534, -0.2961981), ["CID"] = 45}, {CFrame.new(-0.0284118652, 12.7426805, -1.87115479, -0.999999881, -5.6010041e-08, -2.0385988e-08, 0, 0.342020094, -0.939692497, -1.49011612e-07, -0.939692438, -0.342020094), ["CID"] = 45}, {CFrame.new(0.913421631, 12.7426805, -1.61883545, -0.866025388, 0.469846189, 0.171010032, 0, 0.342020094, -0.939692497, -0.500000119, -0.813797474, -0.29619807), ["CID"] = 45}, {CFrame.new(1.60281372, 12.7426805, -0.929382324, -0.5, 0.813797474, 0.29619807, 0, 0.342020094, -0.939692497, -0.866025388, -0.46984604, -0.171009988), ["CID"] = 45}, {CFrame.new(1.85519409, 12.7426805, 0.0123901367, -5.96046448e-08, 0.939692438, 0.342020094, 0, 0.342020094, -0.939692497, -0.999999881, 1.96035145e-07, 7.13509607e-08), ["CID"] = 45}, {CFrame.new(1.60287476, 12.7426805, 0.954162598, 0.499999911, 0.813797474, 0.29619807, 0, 0.342020094, -0.939692497, -0.866025269, 0.469846398, 0.171010107), ["CID"] = 45}, {CFrame.new(0.913391113, 12.7426195, 1.64361572, 0.866025209, 0.469846278, 0.171010062, 0, 0.342020094, -0.939692497, -0.499999762, 0.813797653, 0.29619813), ["CID"] = 45}, {CFrame.new(-0.0283508301, 12.7426195, 1.89587402, 0.999999881, 5.6010041e-08, 2.0385988e-08, 0, 0.342020094, -0.939692497, 2.08616257e-07, 0.939692438, 0.342020094), ["CID"] = 45}, {CFrame.new(-0.286071777, 16.5014496, 0.458740234, 0.866025388, -0.469846219, -0.171010047, 0, 0.342020094, -0.939692497, 0.5, 0.813797534, 0.2961981), ["CID"] = 45}, {CFrame.new(-0.47479248, 16.5013885, 0.270080566, 0.5, -0.813797534, -0.2961981, 0, 0.342020094, -0.939692497, 0.866025329, 0.469846159, 0.171010017), ["CID"] = 45}, {CFrame.new(-0.543884277, 16.5013885, 0.0123901367, 5.96046448e-08, -0.939692557, -0.342020124, 0, 0.342020094, -0.939692497, 0.999999881, -5.6010041e-08, -2.0385988e-08), ["CID"] = 45}, {CFrame.new(-0.47479248, 16.5014496, -0.245361328, -0.499999911, -0.813797593, -0.29619813, 0, 0.342020094, -0.939692497, 0.866025269, -0.469846278, -0.171010062), ["CID"] = 45}, {CFrame.new(-0.286102295, 16.5014496, -0.434020996, -0.866025269, -0.469846278, -0.171010062, 0, 0.342020094, -0.939692497, 0.499999821, -0.813797534, -0.2961981), ["CID"] = 45}, {CFrame.new(-0.0284118652, 16.5014496, -0.503051758, -0.999999881, -5.6010041e-08, -2.0385988e-08, 0, 0.342020094, -0.939692497, -1.49011612e-07, -0.939692438, -0.342020094), ["CID"] = 45}, {CFrame.new(0.229370117, 16.5014496, -0.434020996, -0.866025388, 0.469846189, 0.171010032, 0, 0.342020094, -0.939692497, -0.500000119, -0.813797474, -0.29619807), ["CID"] = 45}, {CFrame.new(0.418029785, 16.5014496, -0.245361328, -0.5, 0.813797474, 0.29619807, 0, 0.342020094, -0.939692497, -0.866025388, -0.46984604, -0.171009988), ["CID"] = 45}, {CFrame.new(0.487121582, 16.5014496, 0.0123901367, -5.96046448e-08, 0.939692438, 0.342020094, 0, 0.342020094, -0.939692497, -0.999999881, 1.96035145e-07, 7.13509607e-08), ["CID"] = 45}, {CFrame.new(0.41809082, 16.5014496, 0.270141602, 0.499999911, 0.813797474, 0.29619807, 0, 0.342020094, -0.939692497, -0.866025269, 0.469846398, 0.171010107), ["CID"] = 45}, {CFrame.new(0.2293396, 16.5013885, 0.45880127, 0.866025209, 0.469846278, 0.171010062, 0, 0.342020094, -0.939692497, -0.499999762, 0.813797653, 0.29619813), ["CID"] = 45}, {CFrame.new(-0.0283508301, 16.5013885, 0.527770996, 0.999999881, 5.6010041e-08, 2.0385988e-08, 0, 0.342020094, -0.939692497, 2.08616257e-07, 0.939692438, 0.342020094), ["CID"] = 45}, {CFrame.new(-0.0283508301, 5.09501553, 3.74438477, 5.96046021e-08, -1, 0, 0, 0, -0.999999166, 0.999999166, 5.96046519e-08, 0), ["CID"] = 64}, {CFrame.new(-0.0283203125, 2.29812908, 2.74938965, 4.56597284e-08, -0.999999881, 1.36779314e-13, -0.642786443, -2.93496658e-08, -0.766043186, 0.766043007, 3.49773543e-08, -0.642786622), ["CID"] = 64}, {CFrame.new(-0.0283203125, 0, 0.821044922, 4.56597284e-08, -0.999999881, 1.36779314e-13, -0.642786443, -2.93496658e-08, -0.766043186, 0.766043007, 3.49773543e-08, -0.642786622), ["CID"] = 64}, {CFrame.new(-0.0283813477, 0.0308170319, -0.942138672, -4.56596538e-08, 0.999999881, -2.0072114e-13, -0.64278537, -2.93496161e-08, -0.766041934, -0.766041756, -3.4977397e-08, 0.642785549), ["CID"] = 64}, {CFrame.new(-0.0283813477, 2.13743305, -2.7097168, -4.56596538e-08, 0.999999881, -2.0072114e-13, -0.64278537, -2.93496161e-08, -0.766041934, -0.766041756, -3.4977397e-08, 0.642785549), ["CID"] = 64}, {CFrame.new(0.00299072266, 8.81849957, 3.47827148, -5.86991185e-08, -1, -1.81223282e-13, 0.173647195, -1.01927577e-08, -0.984807909, 0.984807909, -5.78073873e-08, 0.17364718), ["CID"] = 64}, {CFrame.new(0.0029296875, 16.1682968, 1.11254883, -5.60100943e-08, -1, 2.97530501e-13, 0.342018366, -1.9156758e-08, -0.939693272, 0.939693332, -5.26322026e-08, 0.342018366), ["CID"] = 64}, {CFrame.new(-2.75878906, 2.29813004, 0.0189819336, -0.7660411, -3.49772655e-08, 0.642785013, -0.642783225, -2.93495184e-08, -0.766039371, 4.56596148e-08, -0.999997377, 1.36778975e-13), ["CID"] = 64}, {CFrame.new(-0.830444336, 1.23977661e-05, 0.0189819336, -0.7660411, -3.49772655e-08, 0.642785013, -0.642783225, -2.93495184e-08, -0.766039371, 4.56596148e-08, -0.999997377, 1.36778975e-13), ["CID"] = 64}, {CFrame.new(0.932739258, 0.0308294296, 0.0188598633, 0.766039848, 3.49773082e-08, -0.64278394, -0.642782152, -2.93494686e-08, -0.76603812, -4.56595401e-08, 0.999997377, -2.00720639e-13), ["CID"] = 64}, {CFrame.new(2.70031738, 2.13743496, 0.0188598633, 0.766039848, 3.49773082e-08, -0.64278394, -0.642782152, -2.93494686e-08, -0.76603812, -4.56595401e-08, 0.999997377, -2.00720639e-13), ["CID"] = 64}, {CFrame.new(3.75378418, 5.09499741, 0.0189208984, 0.999994993, 5.96045027e-08, 0, 0, 0, -0.99999249, -5.96043535e-08, 0.999997497, 0), ["CID"] = 64}, {CFrame.new(-3.45651245, 8.81845379, 0.0124511719, -0.98480773, 5.7807366e-08, -0.173648179, 0.173648164, -1.01928137e-08, -0.984807789, -5.86991078e-08, -1, -1.81190512e-13), ["CID"] = 64}, {CFrame.new(-2.4588623, 12.4095678, 0.0123901367, -0.939692438, 5.26321173e-08, -0.342020124, 0.342020035, -1.91568379e-08, -0.939692616, -5.6010041e-08, -0.99999994, 2.98592368e-13), ["CID"] = 64}, {CFrame.new(-1.09078979, 16.1683388, 0.0123901367, -0.939692438, 5.26321173e-08, -0.342020124, 0.342020035, -1.91568379e-08, -0.939692616, -5.6010041e-08, -0.99999994, 2.98592368e-13), ["CID"] = 64}, {CFrame.new(0.277282715, 19.9271088, 0.0123901367, -0.939692438, 5.26321173e-08, -0.342020124, 0.342020035, -1.91568379e-08, -0.939692616, -5.6010041e-08, -0.99999994, 2.98592368e-13), ["CID"] = 64}, {CFrame.new(0.277282715, 19.9271088, 0.0123901367, -0.939692438, 5.26321173e-08, -0.342020124, 0.342020035, -1.91568379e-08, -0.939692616, -5.6010041e-08, -0.99999994, 2.98592368e-13), ["CID"] = 64}, {CFrame.new(-1.09078979, 16.1683388, 0.0123901367, -0.939692438, 5.26321173e-08, -0.342020124, 0.342020035, -1.91568379e-08, -0.939692616, -5.6010041e-08, -0.99999994, 2.98592368e-13), ["CID"] = 64}, {CFrame.new(-2.4588623, 12.4095678, 0.0123901367, -0.939692438, 5.26321173e-08, -0.342020124, 0.342020035, -1.91568379e-08, -0.939692616, -5.6010041e-08, -0.99999994, 2.98592368e-13), ["CID"] = 64}, {CFrame.new(-3.45651245, 8.81845379, 0.0124511719, -0.98480773, 5.7807366e-08, -0.173648179, 0.173648164, -1.01928137e-08, -0.984807789, -5.86991078e-08, -1, -1.81190512e-13), ["CID"] = 64}, {CFrame.new(-0.264862061, 19.9270248, 0.0188598633, 0.939693213, -5.26323589e-08, 0.342018664, 0.342018604, -1.91568663e-08, -0.939693272, 5.6010272e-08, 1, -3.29495166e-13), ["CID"] = 64}, {CFrame.new(1.10317993, 16.1682968, 0.0188598633, 0.939693213, -5.26323589e-08, 0.342018664, 0.342018604, -1.91568663e-08, -0.939693272, 5.6010272e-08, 1, -3.29495166e-13), ["CID"] = 64}, {CFrame.new(2.47125244, 12.4095716, 0.0188598633, 0.939693213, -5.26323589e-08, 0.342018664, 0.342018604, -1.91568663e-08, -0.939693272, 5.6010272e-08, 1, -3.29495166e-13), ["CID"] = 64}, {CFrame.new(3.46890259, 8.81849957, 0.0187988281, 0.984807968, -5.78075721e-08, 0.173647359, 0.173647344, -1.01928173e-08, -0.984807968, 5.86993174e-08, 1, 1.64076462e-13), ["CID"] = 64}, {CFrame.new(0.0029296875, 12.4095716, 2.48065186, -5.60100943e-08, -1, 2.97530501e-13, 0.342018366, -1.9156758e-08, -0.939693272, 0.939693332, -5.26322026e-08, 0.342018366), ["CID"] = 64}, {CFrame.new(0.00939941406, 19.9269409, 0.286621094, 5.60103111e-08, 1, -3.30103512e-13, 0.342016846, -1.91567811e-08, -0.939693809, -0.939693868, 5.26324335e-08, -0.342016816), ["CID"] = 64}, {CFrame.new(0.00939941406, 16.1682587, -1.0814209, 5.60103111e-08, 1, -3.30103512e-13, 0.342016846, -1.91567811e-08, -0.939693809, -0.939693868, 5.26324335e-08, -0.342016816), ["CID"] = 64}, {CFrame.new(0.00939941406, 12.4095755, -2.44946289, 5.60103111e-08, 1, -3.30103512e-13, 0.342016846, -1.91567811e-08, -0.939693809, -0.939693868, 5.26324335e-08, -0.342016816), ["CID"] = 64}, {CFrame.new(0.00933837891, 8.81854534, -3.44708252, 5.86993281e-08, 1, 1.64108717e-13, 0.173646376, -1.01927613e-08, -0.984808087, -0.984808147, 5.78075934e-08, -0.173646361), ["CID"] = 64}, {CFrame.new(0.00286865234, 5.09518147, -3.74438477, -5.96046519e-08, 1, 0, 0, 0, -1, -1, -5.96046519e-08, 0), ["CID"] = 64}, {CFrame.new(0.0029296875, 19.9270248, -0.255554199, -5.60100943e-08, -1, 2.97530501e-13, 0.342018366, -1.9156758e-08, -0.939693272, 0.939693332, -5.26322026e-08, 0.342018366), ["CID"] = 64}, {CFrame.new(-3.75378418, 5.09500217, 0.0189208984, -0.999996662, -5.96045027e-08, 0, 0, 0, -0.999994159, 5.96044529e-08, -0.999997497, 0), ["CID"] = 64}, {CFrame.new(-1.14431763, 5.99507523, 1.94543457, 0.866025448, 0, -0.5, 0, 1, 0, 0.5, 0, 0.866025448), ["CID"] = 64}, {CFrame.new(-0.0284118652, 5.99501419, 2.2444458, 0.999999285, 0, 5.96046448e-08, 0, 1, 0, -5.96046448e-08, 0, 0.999999285), ["CID"] = 64}, {CFrame.new(-1.96142578, 5.99501419, 1.12835693, 0.49999854, 0, -0.866022944, 0, 1, 0, 0.866022944, 0, 0.49999854), ["CID"] = 64}, {CFrame.new(-0.0284118652, 5.99501419, 2.2444458, 0.999999285, 0, 5.96046448e-08, 0, 1, 0, -5.96046448e-08, 0, 0.999999285), ["CID"] = 64}, {CFrame.new(-1.14431763, 5.99507523, 1.94543457, 0.866025448, 0, -0.5, 0, 1, 0, 0.5, 0, 0.866025448), ["CID"] = 64}, {CFrame.new(-1.96142578, 5.99501419, 1.12835693, 0.49999854, 0, -0.866022944, 0, 1, 0, 0.866022944, 0, 0.49999854), ["CID"] = 64}, {CFrame.new(2.23580933, 5.99498177, 0.0188598633, 5.96053695e-08, 0, 1, 0, -1, 0, 1, 0, -5.96053695e-08), ["CID"] = 64}, {CFrame.new(1.93661499, 5.99492073, 1.1350708, -0.49999541, 0, 0.866017401, 0, -1, 0, 0.866017401, 0, 0.49999541), ["CID"] = 64}, {CFrame.new(1.11978149, 5.99498177, 1.95196533, -0.866025388, 0, 0.49999997, 0, -1, 0, 0.49999997, 0, 0.866025388), ["CID"] = 64}, {CFrame.new(-2.26583862, 5.99498177, 0.0369873047, -5.96050285e-08, 0, -0.999994278, 0, -1, 0, -0.999994278, 0, 5.96050285e-08), ["CID"] = 64}, {CFrame.new(-1.96664429, 5.99492073, -1.17919922, 0.50000006, 0, -0.866025388, 0, -1, 0, -0.866025448, 0, -0.5), ["CID"] = 64}, {CFrame.new(-1.14984131, 5.99498177, -1.99603271, 0.866020441, 0, -0.499997109, 0, -1, 0, -0.499997109, 0, -0.866020441), ["CID"] = 64}, {CFrame.new(-0.00164794922, 5.99501419, -2.28851318, -0.999993563, 0, -5.96043037e-08, 0, 1, 0, 5.96043037e-08, 0, -0.999993563), ["CID"] = 64}, {CFrame.new(1.11425781, 5.99507523, -1.98950195, -0.866020501, 0, 0.499997139, 0, 1, 0, -0.499997139, 0, -0.866020501), ["CID"] = 64}, {CFrame.new(1.93136597, 5.99501419, -1.17248535, -0.499995679, 0, 0.866017997, 0, 1, 0, -0.866017997, 0, -0.499995679), ["CID"] = 64}, {CFrame.new(2.21224976, 21.8928299, 0.0188598633, 0.342018664, -5.2632771e-08, -0.939701557, -0.939701259, -1.915698e-08, -0.342024505, -6.00408612e-13, 1.00000656, -5.60107694e-08), ["CID"] = 64}, {CFrame.new(0.00952148438, 21.8927231, -2.19030762, -4.72499752e-13, -1, -5.60101938e-08, 0.939691961, 1.91562712e-08, -0.342021912, 0.342021912, -5.26324904e-08, 0.939691961), ["CID"] = 64}, {CFrame.new(-2.32794189, 21.833065, 0.0123901367, -0.342025131, -5.2632295e-08, -0.939690888, -0.939690769, 1.9156742e-08, 0.342025161, -1.53335122e-13, 1, -5.60101761e-08), ["CID"] = 64}, {CFrame.new(0.0029296875, 21.892849, 2.22149658, 4.14744844e-13, -1, -5.60100943e-08, 0.939693272, -1.915609e-08, 0.342018366, -0.342018366, -5.26324477e-08, 0.939693272), ["CID"] = 64}}, 
},
TradeSpot = {{["Item"] = "GPS", ["Amount"] = 1, ["Whole"] = true, {CFrame.new(-19.3557129, 24.5, -1.71704102, 0, 1, 0, 0, 0, 1, 1, 0, 0), {"Decor"}}}, 
{["Item"] = "M14Ammo50", ["Amount"] = 5, ["Whole"] = true, {CFrame.new(7.14428711, 21.25, -15.2121582, 1, -6.46452349e-07, 7.15256704e-07, -7.15256704e-07, -1.32631754e-07, -1.00000286, -6.46452349e-07, 1.00000286, 1.32631754e-07), {"Decor"}}, {CFrame.new(7.14428711, 22.2500038, -15.2121582, 1, -6.46452349e-07, 7.15256704e-07, -7.15256704e-07, -1.32631754e-07, -1.00000286, -6.46452349e-07, 1.00000286, 1.32631754e-07), {"Decor"}}, {CFrame.new(7.14428711, 23.2500076, -15.2121582, 1, -6.46452349e-07, 7.15256704e-07, -7.15256704e-07, -1.32631754e-07, -1.00000286, -6.46452349e-07, 1.00000286, 1.32631754e-07), {"Decor"}}, {CFrame.new(7.14428711, 24.2500114, -15.2121582, 1, -6.46452349e-07, 7.15256704e-07, -7.15256704e-07, -1.32631754e-07, -1.00000286, -6.46452349e-07, 1.00000286, 1.32631754e-07), {"Decor"}}, {CFrame.new(7.14428711, 25.2500153, -15.2121582, 1, -6.46452349e-07, 7.15256704e-07, -7.15256704e-07, -1.32631754e-07, -1.00000286, -6.46452349e-07, 1.00000286, 1.32631754e-07), {"Decor"}}}, 
{["Item"] = "Suppressor762", ["Amount"] = 1, ["Whole"] = true, {CFrame.new(8.26818848, 22.5999985, -15.1171875, 0, 1, 0, 0, 0, -1, -1, 0, 0), {"Decor"}}}, 
{["Item"] = "GusArmorBottom", ["Amount"] = 2, ["Whole"] = true, {CFrame.new(6.7154541, 5.99998379, -14.9906006, 1.10496184e-20, 0, 1, 1, 0, 1.10496184e-20, 0, 1, 0), {"Decor"}}, {CFrame.new(6.7154541, 7.99998379, -14.9906006, 1.10496184e-20, 0, 1, 1, 0, 1.10496184e-20, 0, 1, 0), {"Decor"}}}, 
{["Item"] = "Beans", ["Amount"] = 1, ["Whole"] = true, {CFrame.new(-12.8557129, 17.8500004, -15.2171631, 0, 0, 1, 0, 1, -0, -1, 0, 0), {"Decor"}}}, 
